1
2
2
4
0.7
0 0.7 0.28 0.97 0.97 0.6 0.82 0.75 0.99 0.68 0.8 0.81 0.26 0.47 0.74 0.29
0.7 0 0.35 0.72 0.93 0.52 0.45 0.42 0.43 0.6 0.95 0.92 1.0 1.0 0.56 0.71
0.28 0.35 0 0.87 0.69 0.35 0.88 0.51 0.64 0.64 0.37 0.94 0.13 0.78 0.8 0.49
0.97 0.72 0.87 0 0.75 0.82 0.9 0.99 0.39 0.8 0.57 0.55 0.78 0.88 0.27 0.39
0.97 0.93 0.69 0.75 0 0.35 0.89 0.63 0.15 0.68 0.85 0.85 0.16 0.71 0.58 0.94
0.6 0.52 0.35 0.82 0.35 0 0.2 0.77 0.49 0.65 0.81 0.21 0.86 0.91 0.12 0.67
0.82 0.45 0.88 0.9 0.89 0.2 0 0.43 0.95 0.37 0.57 0.1 0.88 0.86 0.94 0.69
0.75 0.42 0.51 0.99 0.63 0.77 0.43 0 0.73 0.52 0.71 0.49 0.86 0.67 0.23 0.44
0.99 0.43 0.64 0.39 0.15 0.49 0.95 0.73 0 0.4 0.2 0.97 0.73 0.26 0.37 0.12
0.68 0.6 0.64 0.8 0.68 0.65 0.37 0.52 0.4 0 0.73 0.89 0.46 0.88 0.6 0.61
0.8 0.95 0.37 0.57 0.85 0.81 0.57 0.71 0.2 0.73 0 0.44 0.16 0.53 0.75 0.42
0.81 0.92 0.94 0.55 0.85 0.21 0.1 0.49 0.97 0.89 0.44 0 0.39 0.47 0.45 0.89
0.26 1.0 0.13 0.78 0.16 0.86 0.88 0.86 0.73 0.46 0.16 0.39 0 0.44 0.87 0.56
0.47 1.0 0.78 0.88 0.71 0.91 0.86 0.67 0.26 0.88 0.53 0.47 0.44 0 0.51 0.36
0.74 0.56 0.8 0.27 0.58 0.12 0.94 0.23 0.37 0.6 0.75 0.45 0.87 0.51 0 0.89
0.29 0.71 0.49 0.39 0.94 0.67 0.69 0.44 0.12 0.61 0.42 0.89 0.56 0.36 0.89 0